lastAccountName: SanderKadivnik
timestamps:
  login: 1519489353537
  logout: 1519489530363
ipAddress: 185.29.165.121
lastlocation:
  world: Quatopia
  x: -1393.8389448938292
  y: 4.0
  z: -451.53720272965154
  yaw: -82.074936
  pitch: -10.810627
logoutlocation:
  world: Quatopia
  x: -1305.391127969096
  y: 18.0625
  z: -553.7603753715964
  yaw: -84.77481
  pitch: 17.389416
money: '0.0'
