lastAccountName: washiergolf7871
timestamps:
  login: 1519829046371
  logout: 1519829594856
ipAddress: 212.76.232.101
lastlocation:
  world: world
  x: 84.0
  y: 64.0
  z: 256.0
  yaw: 0.0
  pitch: 0.0
logoutlocation:
  world: Quatopia
  x: -1356.9003644717186
  y: 4.5
  z: -456.3420644356306
  yaw: -78.58484
  pitch: 26.549995
money: '0.0'
