lastAccountName: Miesje_
timestamps:
  login: 1519823481383
  logout: 1519823530267
ipAddress: 80.115.182.236
lastlocation:
  world: Quatopia
  x: -1391.5083945503077
  y: 5.749187078744681
  z: -439.3900981310906
  yaw: 245.27333
  pitch: -87.45005
money: '21000.0'
logoutlocation:
  world: Quatopia
  x: -1391.7499719615112
  y: 4.5
  z: -451.160313452323
  yaw: -307.37482
  pitch: 30.149982
