lastAccountName: xGewoonLinde
timestamps:
  login: 1519836130030
  logout: 1519836175592
ipAddress: 85.149.43.198
lastlocation:
  world: world
  x: 84.0
  y: 64.0
  z: 256.0
  yaw: 0.0
  pitch: 0.0
logoutlocation:
  world: Quatopia
  x: -1408.9810629636638
  y: 6.0
  z: -447.83383839025345
  yaw: -206.87508
  pitch: 29.989357
