lastAccountName: JoelSpeedy
timestamps:
  login: 1519679801538
  logout: 1519679818072
ipAddress: 145.133.14.15
lastlocation:
  world: world
  x: 84.0
  y: 64.0
  z: 256.0
  yaw: 0.0
  pitch: 0.0
logoutlocation:
  world: Quatopia
  x: -1413.5449126784908
  y: 4.0
  z: -452.388983044106
  yaw: -263.19467
  pitch: 23.449074
money: '0.0'
