lastAccountName: quinkels
timestamps:
  login: 1519805318239
  logout: 1519806121590
  jail: 0
ipAddress: 94.210.48.250
lastlocation:
  world: Quatopia
  x: -1141.72087928384
  y: 4.5
  z: -487.98468207791154
  yaw: 75.57303
  pitch: 1.499996
money: '21000.0'
logoutlocation:
  world: Quatopia
  x: -1374.1165132282426
  y: 4.5
  z: -450.229250038563
  yaw: 63.539703
  pitch: 18.774044
jailed: false
