lastAccountName: Pro_Panda_Boy
timestamps:
  login: 1517653442730
  logout: 1517653450014
ipAddress: 31.208.122.32
lastlocation:
  world: world
  x: 84.0
  y: 64.0
  z: 256.0
  yaw: 0.0
  pitch: 0.0
logoutlocation:
  world: dekaap
  x: 350.6163347700311
  y: 4.0
  z: -670.0460367340922
  yaw: -179.90437
  pitch: 57.81012
money: '20000.0'
