lastAccountName: Countryroads
timestamps:
  login: 1519831013626
  logout: 1519831500102
ipAddress: 92.111.226.62
lastlocation:
  world: Quatopia
  x: -1279.3243149212904
  y: 4.0
  z: -447.7774071100434
  yaw: -176.8747
  pitch: 1.499972
logoutlocation:
  world: Quatopia
  x: -1279.6459136048036
  y: 4.5
  z: -450.4012081365179
  yaw: -184.53271
  pitch: 8.850001
money: '20000.0'
