lastAccountName: MrLarsie
timestamps:
  login: 1519835196191
  logout: 1519835211100
ipAddress: 86.90.116.113
lastlocation:
  world: Quatopia
  x: -1358.8440123393523
  y: 4.0
  z: -491.7634865370601
  yaw: 260.64203
  pitch: 23.099995
logoutlocation:
  world: Quatopia
  x: -1361.359823236567
  y: 4.0
  z: -454.5450348457258
  yaw: -92.74772
  pitch: 11.399943
money: '8251.0'
