lastAccountName: ArtyDiego
timestamps:
  login: 1519836426716
  logout: 1519837138070
ipAddress: 86.83.149.11
lastlocation:
  world: Quatopia
  x: -1399.6968396641314
  y: 7.175200061798097
  z: -441.48750001192093
  yaw: 38.36902
  pitch: -84.74999
money: '1000.0'
logoutlocation:
  world: Quatopia
  x: -1390.2824089047992
  y: 4.5
  z: -450.8253105809205
  yaw: 110.846756
  pitch: 24.289232
