lastAccountName: ItzBritt_
timestamps:
  login: 1519582903906
  logout: 1519582932285
ipAddress: 85.113.242.133
lastlocation:
  world: world
  x: 84.0
  y: 64.0
  z: 256.0
  yaw: 0.0
  pitch: 0.0
logoutlocation:
  world: Quatopia
  x: -1375.0526480648336
  y: 4.5
  z: -450.69796356320046
  yaw: 242.67485
  pitch: 34.339367
money: '0.0'
