lastAccountName: TimeToCombos
timestamps:
  login: 1519493726402
  logout: 1519494072840
ipAddress: 84.216.55.120
lastlocation:
  world: world
  x: 84.0
  y: 64.0
  z: 256.0
  yaw: 0.0
  pitch: 0.0
logoutlocation:
  world: Quatopia
  x: -1567.699999988079
  y: 1.0
  z: -365.8231214817804
  yaw: -283.10907
  pitch: 4.98394
money: '0.0'
