lastAccountName: Huawieee
timestamps:
  login: 1519748370736
  logout: 1519748484109
ipAddress: 81.83.54.92
lastlocation:
  world: world
  x: 84.0
  y: 64.0
  z: 256.0
  yaw: 0.0
  pitch: 0.0
money: '20000.0'
logoutlocation:
  world: Quatopia
  x: -1397.5166122484634
  y: 4.0
  z: -450.16041100474115
  yaw: 166.06393
  pitch: -5.402947
