lastAccountName: XGewoonSmoesjesX
timestamps:
  login: 1519661614153
  jail: 0
  logout: 1519663450525
ipAddress: 31.160.204.146
lastlocation:
  world: Quatopia
  x: -679.5
  y: 4.0
  z: -797.5
  yaw: 25.773798
  pitch: 42.5574
money: '16100.0'
jailed: false
logoutlocation:
  world: Quatopia
  x: -1365.1590424733627
  y: 4.0
  z: -462.5017221645424
  yaw: -160.09058
  pitch: 28.560036
