lastAccountName: Darkhth
timestamps:
  login: 1519744440301
  logout: 1519744847396
ipAddress: 91.179.68.250
lastlocation:
  world: world
  x: 84.0
  y: 64.0
  z: 256.0
  yaw: 0.0
  pitch: 0.0
money: '20000.0'
logoutlocation:
  world: Quatopia
  x: -1414.141074048979
  y: 6.0
  z: -447.04405764586227
  yaw: -88.02398
  pitch: 20.897285
