lastAccountName: CraftGuyX
timestamps:
  login: 1519752110831
  logout: 1519752242692
ipAddress: 163.158.89.235
lastlocation:
  world: world
  x: 84.0
  y: 64.0
  z: 256.0
  yaw: 0.0
  pitch: 0.0
logoutlocation:
  world: Quatopia
  x: -1225.1759738232226
  y: 4.121296840539189
  z: -454.554866426107
  yaw: 124.17494
  pitch: 10.93932
money: '0.0'
