lastAccountName: xItsMeJqris
timestamps:
  login: 1519802834930
  logout: 1519802881996
ipAddress: 31.201.179.140
lastlocation:
  world: Quatopia
  x: -1415.008895197714
  y: 6.0
  z: -446.7963855844522
  yaw: -179.02563
  pitch: -22.500025
money: '21712.0'
logoutlocation:
  world: Quatopia
  x: -1242.3846407370756
  y: 4.5
  z: -449.91970995408394
  yaw: -268.3723
  pitch: 15.749899
