lastAccountName: MaybeValou
timestamps:
  login: 1519567988515
  logout: 1519568829997
ipAddress: 77.163.17.89
lastlocation:
  world: world
  x: 84.0
  y: 64.0
  z: 256.0
  yaw: 0.0
  pitch: 0.0
logoutlocation:
  world: Quatopia
  x: -1311.5118569325148
  y: 6.5
  z: -467.58191667788907
  yaw: -291.5152
  pitch: 48.708042
money: '0.0'
