lastAccountName: IkBenSem
timestamps:
  login: 1519837945933
  logout: 1519838275572
ipAddress: 82.173.32.238
lastlocation:
  world: Quatopia
  x: -1501.9841936849953
  y: 17.0
  z: 62.399326819840894
  yaw: -231.65611
  pitch: 17.913576
money: '23331.0'
logoutlocation:
  world: Quatopia
  x: -1362.0464287494551
  y: 4.0
  z: -456.76482370536917
  yaw: 271.20166
  pitch: 15.0817995
