lastAccountName: NandoGFNL
timestamps:
  login: 1519837583417
  logout: 1519837688537
ipAddress: 86.84.5.204
lastlocation:
  world: world
  x: 84.0
  y: 64.0
  z: 256.0
  yaw: 0.0
  pitch: 0.0
logoutlocation:
  world: Quatopia
  x: -1234.2376614160078
  y: 4.5
  z: -553.3883274797054
  yaw: 90.94751
  pitch: 20.107454
money: '20000.0'
