lastAccountName: g3dester
timestamps:
  login: 1519815798588
  logout: 1519816879533
ipAddress: 89.99.247.128
lastlocation:
  world: Quatopia
  x: -1509.325655038509
  y: 8.0
  z: 24.213925063762463
  yaw: 15.284439
  pitch: 69.70119
logoutlocation:
  world: Quatopia
  x: -1424.699999988079
  y: 6.0
  z: -458.68963665875646
  yaw: -67.076904
  pitch: 38.089294
money: '3500.0'
