lastAccountName: MiniAppel
timestamps:
  login: 1519835975395
  logout: 1519837974710
ipAddress: 81.247.40.200
lastlocation:
  world: world
  x: 84.0
  y: 64.0
  z: 256.0
  yaw: 0.0
  pitch: 0.0
logoutlocation:
  world: Quatopia
  x: -1384.515019637647
  y: 4.0
  z: -453.41237745156053
  yaw: 274.2401
  pitch: -5.49894
