logoutlocation:
  world: Quatopia
  x: -1289.4996993795412
  y: 4.0
  z: -451.5070262377507
  yaw: -80.70081
  pitch: 1.207723
lastAccountName: KawaiiiSukkeltje
timestamps:
  login: 1519828787309
  logout: 1519828790910
ipAddress: 82.74.120.104
lastlocation:
  world: Quatopia
  x: -1365.267537042804
  y: 4.0
  z: -462.69999998807907
  yaw: 190.84088
  pitch: 26.84613
money: '21000.0'
