lastAccountName: xWqqfie
timestamps:
  login: 1519759653734
  logout: 1519759880110
  jail: 0
ipAddress: 77.250.48.182
lastlocation:
  world: Prison
  x: -884.6999999880791
  y: 54.25220334025373
  z: 1576.2844982153908
  yaw: -232.8813
  pitch: 30.447388
logoutlocation:
  world: Quatopia
  x: -1287.183894125343
  y: 4.5
  z: -292.64100109659273
  yaw: 297.1048
  pitch: 19.281837
jailed: false
money: '2000.0'
