lastAccountName: aMatsco
timestamps:
  login: 1519837679279
  logout: 1519838142719
  lastteleport: 1519838177391
ipAddress: 86.89.9.160
lastlocation:
  world: Quatopia
  x: -1119.1532684905485
  y: 51.86246925347007
  z: -39.29299753244822
  yaw: -97.73132
  pitch: 52.742996
money: '21500.0'
logoutlocation:
  world: Quatopia
  x: -1348.2166928602207
  y: 4.5
  z: -451.00698938280385
  yaw: 77.56874
  pitch: 4.436082
