lastAccountName: DarkSide_Gaming
timestamps:
  login: 1519748205612
  logout: 1519749039791
ipAddress: 217.101.164.190
lastlocation:
  world: world
  x: 84.0
  y: 64.0
  z: 256.0
  yaw: 0.0
  pitch: 0.0
money: '20000.0'
logoutlocation:
  world: Quatopia
  x: -1328.1994749701298
  y: 4.5
  z: -459.42357003720053
  yaw: -1.5252846
  pitch: 20.850018
