lastAccountName: just_koala_yt
timestamps:
  login: 1519824918859
  logout: 1519824963764
ipAddress: 84.81.216.254
lastlocation:
  world: Quatopia
  x: -1199.8316784905617
  y: 4.0
  z: -440.36250024218606
  yaw: 26.02251
  pitch: 50.610916
money: '20000.0'
logoutlocation:
  world: Quatopia
  x: -1197.288765817493
  y: 4.0625
  z: -436.3991486869701
  yaw: 164.13483
  pitch: 9.651808
