lastAccountName: 356Days
timestamps:
  login: 1519720265528
  logout: 1519720455225
ipAddress: 80.60.9.121
lastlocation:
  world: world
  x: 84.0
  y: 64.0
  z: 256.0
  yaw: 0.0
  pitch: 0.0
money: '20000.0'
logoutlocation:
  world: Quatopia
  x: -1407.206406416811
  y: 6.0
  z: -447.93216981068514
  yaw: 84.0863
  pitch: 15.813766
