lastAccountName: ThijmenPlayzYT
timestamps:
  login: 1519576581357
  logout: 1519577021170
ipAddress: 217.123.133.119
lastlocation:
  world: world
  x: 84.0
  y: 64.0
  z: 256.0
  yaw: 0.0
  pitch: 0.0
logoutlocation:
  world: Quatopia
  x: -1355.9487918920177
  y: 4.5
  z: -494.3765348275923
  yaw: 22.924591
  pitch: 7.1893706
money: '0.0'
