lastAccountName: xDeqnn_
timestamps:
  login: 1519573495946
  logout: 1519574270584
ipAddress: 87.66.93.193
lastlocation:
  world: Quatopia
  x: -1188.2164844173994
  y: 4.0
  z: -335.2831820782019
  yaw: -290.79004
  pitch: 29.634296
money: '9943.0'
logoutlocation:
  world: Quatopia
  x: -1306.033284252074
  y: 4.0
  z: -552.5530201610682
  yaw: 124.81043
  pitch: 12.501986
