money: '20000'
lastAccountName: Snixxed
timestamps:
  login: 1517582970296
  logout: 1517583004021
ipAddress: 217.237.127.150
lastlocation:
  world: world
  x: 84.0
  y: 64.0
  z: 256.0
  yaw: 0.0
  pitch: 0.0
logoutlocation:
  world: QuaTopia
  x: 336.18832821581316
  y: 4.0
  z: -665.3590896412892
  yaw: -19.79425
  pitch: 0.90776104
