lastAccountName: Ikbenyoran
timestamps:
  login: 1519766433520
  logout: 1519766614077
ipAddress: 217.121.208.85
lastlocation:
  world: Quatopia
  x: -1399.6856879638258
  y: 4.0
  z: -446.3708827934959
  yaw: -26.376831
  pitch: 33.600018
money: '20400.0'
logoutlocation:
  world: Quatopia
  x: -1392.1742787116568
  y: 4.5
  z: -456.58632086706007
  yaw: -349.38318
  pitch: 22.949972
