lastAccountName: Laura_Vlemmix
timestamps:
  login: 1519550030208
  logout: 1519550558662
ipAddress: 77.249.10.137
lastlocation:
  world: Quatopia
  x: -1374.409334481749
  y: 4.0
  z: -455.69701448697856
  yaw: -255.1751
  pitch: 2.5393624
money: '20000.0'
logoutlocation:
  world: Quatopia
  x: -1297.858723429485
  y: 4.0
  z: -151.54036315330998
  yaw: -36.517944
  pitch: 75.59999
