lastAccountName: _GwnTootje_
timestamps:
  login: 1519759645181
  logout: 1519762090569
  lastteleport: 1519150339296
ipAddress: 86.87.92.126
lastlocation:
  world: Quatopia
  x: -1343.053205344441
  y: 4.0
  z: -575.5131200151477
  yaw: -229.12764
  pitch: 1.0542535
logoutlocation:
  world: Quatopia
  x: -1371.992428003435
  y: 4.0
  z: -441.4942599647813
  yaw: -1.5432434
  pitch: 38.54997
money: '20500.0'
