lastAccountName: Patatjeee
timestamps:
  login: 1519590492008
  logout: 1519590810567
ipAddress: 89.98.222.83
lastlocation:
  world: world
  x: 84.0
  y: 64.0
  z: 256.0
  yaw: 0.0
  pitch: 0.0
money: '20000.0'
logoutlocation:
  world: Quatopia
  x: -1381.699999988079
  y: 4.5
  z: -449.23750001192093
  yaw: 180.29822
  pitch: 3.8255374
