lastAccountName: Jeanpipouz
timestamps:
  login: 1519661784364
  logout: 1519662766033
ipAddress: 84.106.208.81
lastlocation:
  world: world
  x: 84.0
  y: 64.0
  z: 256.0
  yaw: 0.0
  pitch: 0.0
money: '20000.0'
logoutlocation:
  world: Quatopia
  x: -1188.1349191149163
  y: 4.0
  z: -449.13374906705263
  yaw: -243.64001
  pitch: 32.950188
