lastAccountName: langhaartje
timestamps:
  login: 1519836225086
  jail: 0
  logout: 1519837625695
ipAddress: 217.102.147.4
lastlocation:
  world: Prison
  x: -867.6314093512299
  y: 68.0
  z: 1428.368544617007
  yaw: 272.88977
  pitch: 54.750004
money: '14007.0'
jailed: false
logoutlocation:
  world: Quatopia
  x: -1403.5998230648624
  y: 4.0
  z: -422.09033184570933
  yaw: 173.15845
  pitch: 19.76756
