lastAccountName: ItsMartijn
timestamps:
  login: 1519745866010
  logout: 1519746264977
ipAddress: 84.30.57.55
lastlocation:
  world: world
  x: 84.0
  y: 64.0
  z: 256.0
  yaw: 0.0
  pitch: 0.0
money: '19300.0'
logoutlocation:
  world: Quatopia
  x: -1366.6754470338403
  y: 4.0
  z: -452.7900525569345
  yaw: -116.42737
  pitch: 0.9000268
