lastAccountName: Laurenss
timestamps:
  login: 1519829345367
  logout: 1519829427141
ipAddress: 86.90.116.113
lastlocation:
  world: world
  x: 84.0
  y: 64.0
  z: 256.0
  yaw: 0.0
  pitch: 0.0
logoutlocation:
  world: Quatopia
  x: -1256.0252912608207
  y: 4.0
  z: -454.592114381256
  yaw: -264.81796
  pitch: 2.6433532
money: '20000.0'
