lastAccountName: TessaTijger
timestamps:
  login: 1519748210803
  logout: 1519749032275
ipAddress: 83.86.182.58
lastlocation:
  world: world
  x: 84.0
  y: 64.0
  z: 256.0
  yaw: 0.0
  pitch: 0.0
money: '20000.0'
logoutlocation:
  world: Quatopia
  x: -1334.0079037177716
  y: 6.0
  z: -459.6439322258636
  yaw: -75.23572
  pitch: 26.518345
