logoutlocation:
  world: Quatopia
  x: -1295.1660880531833
  y: 4.0
  z: -299.92920438863473
  yaw: -105.34851
  pitch: 15.13339
money: '5000.0'
lastAccountName: TikkieMo
timestamps:
  login: 1519824019453
  logout: 1519824034639
ipAddress: 80.60.132.119
lastlocation:
  world: world
  x: 91.5
  y: 64.0
  z: 265.5
  yaw: 0.0
  pitch: 0.0
