lastAccountName: Appievdb
timestamps:
  login: 1519809056725
  logout: 1519809046607
ipAddress: 77.165.100.248
lastlocation:
  world: world
  x: 84.0
  y: 64.0
  z: 256.0
  yaw: 0.0
  pitch: 0.0
logoutlocation:
  world: Quatopia
  x: -2559.791607022772
  y: 4.5
  z: 691.1583954557111
  yaw: -10.950001
  pitch: -4.9500346
money: '0.0'
