lastAccountName: Soulslayerzz
timestamps:
  login: 1519669782212
  logout: 1519670589264
ipAddress: 82.95.110.148
lastlocation:
  world: Quatopia
  x: -1216.139522797864
  y: 4.5
  z: -465.3565608614287
  yaw: -277.85535
  pitch: -35.081165
money: '4601.0'
logoutlocation:
  world: Quatopia
  x: -1315.3951449459285
  y: 4.0
  z: -376.56421350213674
  yaw: 40.675293
  pitch: 0.5779503
