lastAccountName: Justin1103
timestamps:
  login: 1519828885504
  logout: 1519828956172
ipAddress: 92.110.62.197
lastlocation:
  world: world
  x: 84.0
  y: 64.0
  z: 256.0
  yaw: 0.0
  pitch: 0.0
logoutlocation:
  world: Quatopia
  x: -1395.5106116628442
  y: 4.0
  z: -453.4172781346694
  yaw: -93.17507
  pitch: 15.75005
money: '20000.0'
