lastAccountName: Mr_lyriox
timestamps:
  login: 1519481953311
  logout: 1519482644719
ipAddress: 87.195.131.114
lastlocation:
  world: world
  x: 84.0
  y: 64.0
  z: 256.0
  yaw: 0.0
  pitch: 0.0
money: '20000.0'
logoutlocation:
  world: Quatopia
  x: -1274.5239274334692
  y: 4.5
  z: -489.5467613599346
  yaw: -108.074615
  pitch: 17.365377
