lastAccountName: Yannickjuhh_
timestamps:
  login: 1519833106286
  logout: 1519833199670
ipAddress: 62.45.1.47
lastlocation:
  world: world
  x: 84.0
  y: 64.0
  z: 256.0
  yaw: 0.0
  pitch: 0.0
logoutlocation:
  world: Quatopia
  x: -1362.2227346588663
  y: 4.0
  z: -451.3443765346147
  yaw: 92.21659
  pitch: 18.123158
money: '20000.0'
