lastAccountName: Dinasty_Yasko
timestamps:
  login: 1519720714093
  logout: 1519720938561
ipAddress: 80.60.9.121
lastlocation:
  world: world
  x: 84.0
  y: 64.0
  z: 256.0
  yaw: 0.0
  pitch: 0.0
logoutlocation:
  world: Quatopia
  x: -1399.8798415476856
  y: 4.5
  z: -456.6130584837494
  yaw: -72.73596
  pitch: 24.04828
money: '0.0'
