lastAccountName: xNqco_
timestamps:
  login: 1519832887360
  logout: 1519832984062
  lastteleport: 1519759673694
ipAddress: 84.192.104.144
lastlocation:
  world: Quatopia
  x: -1279.402576401183
  y: 6.0
  z: -305.5191236179587
  yaw: -220.21729
  pitch: 27.98575
logoutlocation:
  world: Quatopia
  x: -1373.6683925051839
  y: 4.5
  z: -330.88791538478586
  yaw: -123.3595
  pitch: 14.760426
money: '78001.0'
