lastAccountName: ItsYaBoyJorn
timestamps:
  login: 1519733484788
  logout: 1519733586796
ipAddress: 82.75.155.29
lastlocation:
  world: world
  x: 84.0
  y: 64.0
  z: 256.0
  yaw: 0.0
  pitch: 0.0
money: '20000.0'
logoutlocation:
  world: Quatopia
  x: -1243.5269349103796
  y: 4.5
  z: -364.4759905373537
  yaw: -317.57675
  pitch: 39.139393
