lastAccountName: JustEmiel
timestamps:
  login: 1519739014379
  logout: 1519739487238
ipAddress: 217.27.232.231
lastlocation:
  world: world
  x: 84.0
  y: 64.0
  z: 256.0
  yaw: 0.0
  pitch: 0.0
logoutlocation:
  world: Quatopia
  x: -1406.0122187598554
  y: 4.0
  z: -453.71152799900517
  yaw: -197.47559
  pitch: 24.117609
money: '0.0'
