lastAccountName: xLostMyHqcks
timestamps:
  login: 1519667538833
  logout: 1519667752750
ipAddress: 94.214.106.253
lastlocation:
  world: world
  x: 84.0
  y: 64.0
  z: 256.0
  yaw: 0.0
  pitch: 0.0
money: '20000.0'
logoutlocation:
  world: Quatopia
  x: -1343.734187940686
  y: 4.5
  z: -456.41025080249017
  yaw: -162.24792
  pitch: 28.643202
