logoutlocation:
  world: world
  x: 69.30000001192093
  y: 65.0
  z: 232.70116138141265
  yaw: -267.7234
  pitch: 39.036407
money: '20000.0'
lastAccountName: hinst
timestamps:
  login: 1519732552456
  logout: 1519732575339
ipAddress: 85.194.1.193
