lastAccountName: DDJshadex
timestamps:
  login: 1519668915734
  logout: 1519669040963
ipAddress: 86.86.44.137
lastlocation:
  world: Quatopia
  x: -1314.344615583102
  y: 4.0
  z: -659.7306619621438
  yaw: 329.65668
  pitch: 35.145184
money: '0.0'
logoutlocation:
  world: Quatopia
  x: -1320.3496245533286
  y: 4.5
  z: -371.39157095197766
  yaw: 180.17906
  pitch: 13.850309
