lastAccountName: B_Djuhh
timestamps:
  login: 1519664819612
  logout: 1519665112526
ipAddress: 84.84.95.131
lastlocation:
  world: world
  x: 84.0
  y: 64.0
  z: 256.0
  yaw: 0.0
  pitch: 0.0
money: '20000.0'
logoutlocation:
  world: Quatopia
  x: -1400.9067948758354
  y: 4.0
  z: -451.91698970802776
  yaw: -68.57507
  pitch: 14.23934
