logoutlocation:
  world: Quatopia
  x: -1210.0954474203118
  y: 4.5
  z: -457.81442538308085
  yaw: -108.783936
  pitch: 43.950012
money: '20000.0'
lastAccountName: xYeahBoii
timestamps:
  login: 1519646520936
  logout: 1519647111031
ipAddress: 83.83.149.150
lastlocation:
  world: Quatopia
  x: -1191.300000011921
  y: 4.0
  z: -436.69999998807907
  yaw: 55.195244
  pitch: 13.800009
