lastAccountName: DeGameVereniging
timestamps:
  login: 1519671630851
  logout: 1519672490135
ipAddress: 82.217.122.122
lastlocation:
  world: world
  x: 84.0
  y: 64.0
  z: 256.0
  yaw: 0.0
  pitch: 0.0
money: '20000.0'
logoutlocation:
  world: Quatopia
  x: -1331.4836918964788
  y: 6.0
  z: -446.93272352134005
  yaw: 163.77606
  pitch: 24.599997
