lastAccountName: IlliasDeBeste
timestamps:
  login: 1519751652589
  logout: 1519752347962
ipAddress: 84.25.183.210
lastlocation:
  world: world
  x: 84.0
  y: 64.0
  z: 256.0
  yaw: 0.0
  pitch: 0.0
logoutlocation:
  world: Quatopia
  x: -1352.0727204525072
  y: 4.5
  z: -430.8430080928715
  yaw: 180.80847
  pitch: 89.194336
money: '0.0'
