lastAccountName: Kettingkast
timestamps:
  login: 1519838072166
  logout: 1519838120169
  lastteleport: 1519811447088
ipAddress: 94.215.131.190
lastlocation:
  world: Quatopia
  x: -1258.2247708098014
  y: 24.532609465768118
  z: -166.44263840545096
  yaw: -56.424335
  pitch: 6.532346
money: '22561.0'
logoutlocation:
  world: Quatopia
  x: -1407.5865150849847
  y: 4.0
  z: -421.94265638694463
  yaw: -12.340053
  pitch: 1.1825395
