lastAccountName: IWillTryYou
timestamps:
  login: 1519833053471
  logout: 1519833550343
ipAddress: 213.247.86.217
lastlocation:
  world: Quatopia
  x: -1396.8778094563795
  y: 13.5
  z: -447.71011352842123
  yaw: 236.67488
  pitch: 51.29996
money: '21500.0'
logoutlocation:
  world: Quatopia
  x: -1320.8068464526218
  y: 4.5
  z: -435.6433030028795
  yaw: -123.63342
  pitch: 36.60002
