lastAccountName: xFrostWafeltje
timestamps:
  login: 1519754575009
  logout: 1519754651244
ipAddress: 78.22.34.200
lastlocation:
  world: world
  x: 84.0
  y: 64.0
  z: 256.0
  yaw: 0.0
  pitch: 0.0
logoutlocation:
  world: Quatopia
  x: -1398.7980323759841
  y: 5.5
  z: -465.59773629085424
  yaw: 4.0091553
  pitch: -0.94434416
money: '20000.0'
