lastAccountName: IgetFly
timestamps:
  login: 1519643006462
  logout: 1519643428665
ipAddress: 145.132.145.148
lastlocation:
  world: Quatopia
  x: -1322.1925362861534
  y: 4.0
  z: -180.77582948421647
  yaw: 168.45953
  pitch: 29.753542
money: '20000.0'
logoutlocation:
  world: Quatopia
  x: -1167.36246343615
  y: 12.0
  z: -201.07400885562515
  yaw: 163.41962
  pitch: -20.979866
