lastAccountName: RAGTEROSSS
timestamps:
  login: 1519493799534
  logout: 1519494082878
ipAddress: 80.60.132.119
lastlocation:
  world: world
  x: 84.0
  y: 64.0
  z: 256.0
  yaw: 0.0
  pitch: 0.0
logoutlocation:
  world: Quatopia
  x: -1322.3987467017796
  y: 4.5
  z: -457.57305932056664
  yaw: -275.41238
  pitch: 8.838315
money: '0.0'
