lastAccountName: tobbbenFFs
timestamps:
  login: 1519581693505
  logout: 1519581750134
ipAddress: 83.251.183.227
lastlocation:
  world: world
  x: 84.0
  y: 64.0
  z: 256.0
  yaw: 0.0
  pitch: 0.0
logoutlocation:
  world: Quatopia
  x: -1390.6383285407805
  y: 4.5
  z: -451.11775380017735
  yaw: -97.22514
  pitch: 20.089363
money: '20000.0'
