lastAccountName: HD_manns
timestamps:
  login: 1519579645490
  logout: 1519579733488
ipAddress: 77.160.150.30
lastlocation:
  world: world
  x: 84.0
  y: 64.0
  z: 256.0
  yaw: 0.0
  pitch: 0.0
money: '20000.0'
logoutlocation:
  world: Quatopia
  x: -1365.824987946902
  y: 4.5
  z: -456.5335619395175
  yaw: -120.70996
  pitch: 17.873434
