lastAccountName: xAlqxx_
timestamps:
  login: 1519836167389
  lastteleport: 1519837717573
  logout: 1519838250503
ipAddress: 84.193.84.93
lastlocation:
  world: Quatopia
  x: -1109.822936663213
  y: 68.71627900758911
  z: -325.5316338403444
  yaw: -83.74006
  pitch: 42.43256
logoutlocation:
  world: Quatopia
  x: -1164.3527725882873
  y: 31.783009712515174
  z: -320.10823776174436
  yaw: 107.84239
  pitch: 28.950027
money: '98770.0'
afk: false
