lastAccountName: Kejox
timestamps:
  login: 1519817004350
  logout: 1519817052285
ipAddress: 81.30.73.192
lastlocation:
  world: world
  x: 84.0
  y: 64.0
  z: 256.0
  yaw: 0.0
  pitch: 0.0
money: '20000.0'
logoutlocation:
  world: Quatopia
  x: -1278.2655488892417
  y: 4.0
  z: -451.8055025300551
  yaw: 100.59241
  pitch: 14.9309435
