lastAccountName: SoundchekZ
timestamps:
  login: 1519636133705
  logout: 1519636188087
ipAddress: 80.60.132.119
lastlocation:
  world: world
  x: 84.0
  y: 64.0
  z: 256.0
  yaw: 0.0
  pitch: 0.0
logoutlocation:
  world: Quatopia
  x: -2487.0240548101788
  y: 5.267991880184302
  z: -417.2736859240799
  yaw: 91.47493
  pitch: 4.4999957
money: '0.0'
