lastAccountName: KitWolf17
timestamps:
  login: 1519679811297
  logout: 1519679955786
ipAddress: 84.106.208.81
lastlocation:
  world: world
  x: 84.0
  y: 64.0
  z: 256.0
  yaw: 0.0
  pitch: 0.0
money: '20000.0'
logoutlocation:
  world: Quatopia
  x: -1417.425000011921
  y: 4.3125
  z: -457.57499998807907
  yaw: -3.0025907
  pitch: 24.899706
