lastAccountName: S33MSL3G1T
timestamps:
  login: 1519561755678
  logout: 1519561750196
ipAddress: 83.81.115.98
lastlocation:
  world: world
  x: 84.0
  y: 64.0
  z: 256.0
  yaw: 0.0
  pitch: 0.0
logoutlocation:
  world: Quatopia
  x: -1413.2245371367799
  y: 4.0
  z: -449.06346114074114
  yaw: -99.32507
  pitch: 29.38936
money: '0.0'
