lastAccountName: Trollertje_TimNL
timestamps:
  login: 1519625581886
  jail: 0
  logout: 1519625743721
ipAddress: 86.84.117.104
lastlocation:
  world: Quatopia
  x: -677.6999999880791
  y: 4.0
  z: -809.6999999880791
  yaw: -296.01538
  pitch: 5.529231
jailed: false
logoutlocation:
  world: Quatopia
  x: -676.7937838438596
  y: 4.0
  z: -809.6999999880791
  yaw: -302.16608
  pitch: 6.599981
money: '0.0'
