lastAccountName: _D0p3_
timestamps:
  login: 1519723748395
  logout: 1519723767402
ipAddress: 213.134.237.134
lastlocation:
  world: Quatopia
  x: -1405.6585363943595
  y: 4.0
  z: -452.38156202589954
  yaw: -92.713844
  pitch: 4.677462
money: '20000.0'
logoutlocation:
  world: Quatopia
  x: -1165.0910231697965
  y: 4.0
  z: -258.3873250838518
  yaw: 47.371223
  pitch: -1.346565
