lastAccountName: Nohaxjustsem123
timestamps:
  login: 1519671725235
  logout: 1519671871087
ipAddress: 62.195.28.231
lastlocation:
  world: world
  x: 84.0
  y: 64.0
  z: 256.0
  yaw: 0.0
  pitch: 0.0
logoutlocation:
  world: Quatopia
  x: -1324.4833758345512
  y: 4.0
  z: -536.5298754798322
  yaw: 1.1539656
  pitch: 19.949026
money: '0.0'
