lastAccountName: Laurens_
timestamps:
  login: 1519656275376
  logout: 1519656344670
ipAddress: 62.163.233.22
lastlocation:
  world: world
  x: 84.0
  y: 64.0
  z: 256.0
  yaw: 0.0
  pitch: 0.0
logoutlocation:
  world: Quatopia
  x: -1329.8243848763047
  y: 4.0
  z: -452.5282758260555
  yaw: -81.93682
  pitch: -0.18316875
money: '0.0'
