lastAccountName: ShaneG200
timestamps:
  login: 1519732744202
  logout: 1519732773174
ipAddress: 80.115.61.17
lastlocation:
  world: world
  x: 84.0
  y: 64.0
  z: 256.0
  yaw: 0.0
  pitch: 0.0
money: '20000.0'
logoutlocation:
  world: Quatopia
  x: -1196.6515568839072
  y: 4.0
  z: -448.4051634282856
  yaw: 173.68918
  pitch: 34.294693
