logoutlocation:
  world: Quatopia
  x: -1280.8483738237287
  y: 4.0
  z: -296.18785300564696
  yaw: 18.894287
  pitch: 11.282231
money: '20000.0'
lastAccountName: Arachindzz
timestamps:
  login: 1519553527189
  logout: 1519553917714
ipAddress: 83.209.249.182
lastlocation:
  world: world
  x: 93.74681285876385
  y: 65.67647087614428
  z: 271.3207263643661
  yaw: -130.50003
  pitch: 15.300005
