lastAccountName: BeertjuhxCute
timestamps:
  login: 1519747235239
  logout: 1519747247336
ipAddress: 109.129.146.25
lastlocation:
  world: world
  x: 84.0
  y: 64.0
  z: 256.0
  yaw: 0.0
  pitch: 0.0
money: '20000.0'
logoutlocation:
  world: Quatopia
  x: -1159.0724539963185
  y: 4.5
  z: -408.5672425289957
  yaw: 165.76517
  pitch: 18.685484
