logoutlocation:
  world: Quatopia
  x: -1275.369408965229
  y: 6.431523845270727
  z: -283.18227256732956
  yaw: 174.72646
  pitch: 11.539359
money: '40000.0'
lastAccountName: Banditen07
timestamps:
  login: 1519671036285
  logout: 1519671490009
ipAddress: 83.226.167.151
lastlocation:
  world: world
  x: 94.81629426078871
  y: 64.0
  z: 261.2221667692065
  yaw: 158.8501
  pitch: 16.350002
