lastAccountName: Sirtkowed
timestamps:
  login: 1519760394416
  logout: 1519760108038
ipAddress: 87.212.152.226
lastlocation:
  world: world
  x: 84.0
  y: 64.0
  z: 256.0
  yaw: 0.0
  pitch: 0.0
money: '20000.0'
logoutlocation:
  world: Quatopia
  x: -1523.6218050550833
  y: 1.0
  z: -298.2061907741918
  yaw: 84.228676
  pitch: 34.148613
