lastAccountName: ImAkwqrd
timestamps:
  login: 1519751239650
  lastteleport: 1517926037268
  logout: 1519752040770
ipAddress: 83.81.103.16
lastlocation:
  world: Lobby
  x: 936.6601985587371
  y: 6.0
  z: -270.6509345087778
  yaw: -270.97964
  pitch: 2.8720055
logoutlocation:
  world: Quatopia
  x: -1372.409576492131
  y: 4.5
  z: -457.1780150139901
  yaw: 50.23776
  pitch: -1.9809241
money: '20000.0'
