lastAccountName: i_say_bye_noob
timestamps:
  login: 1519834656130
  logout: 1519834659795
  jail: 0
ipAddress: 84.27.172.30
lastlocation:
  world: bouwqt
  x: 1476.2910081151745
  y: 9.0
  z: -329.1447722465992
  yaw: -52.48455
  pitch: 6.457172
money: '22171.0'
logoutlocation:
  world: Quatopia
  x: -1396.0909135177592
  y: 4.0
  z: -455.10093201547465
  yaw: 239.65492
  pitch: 26.454283
jailed: false
