lastAccountName: GewoonPro_
timestamps:
  login: 1519833286959
  logout: 1519833402584
ipAddress: 92.109.210.217
lastlocation:
  world: Quatopia
  x: -1258.1360801835997
  y: 4.0
  z: -434.3177673940524
  yaw: -306.6582
  pitch: 37.5
money: '15500.0'
logoutlocation:
  world: Quatopia
  x: -1293.9751886382448
  y: 8.5
  z: -183.00037708355848
  yaw: -101.91155
  pitch: 42.599983
