lastAccountName: GewoonSietse
timestamps:
  login: 1519734385063
  logout: 1519737142931
ipAddress: 77.248.7.197
lastlocation:
  world: Quatopia
  x: -1413.9069314876788
  y: 4.5
  z: -452.22863728938825
  yaw: -103.825096
  pitch: 9.589361
logoutlocation:
  world: Quatopia
  x: -1290.0014490093747
  y: 4.5
  z: -412.2020688088449
  yaw: -194.5669
  pitch: 14.850021
money: '1848.0'
