logoutlocation:
  world: Quatopia
  x: -1273.7224744658645
  y: 4.0
  z: -451.3769575016353
  yaw: 89.51811
  pitch: -2.2846174
money: '8500.0'
lastAccountName: LuckyMike100
timestamps:
  login: 1519835165125
  logout: 1519838328240
ipAddress: 81.205.67.38
lastlocation:
  world: Quatopia
  x: -1328.7925176051126
  y: 4.5
  z: -350.9880211666977
  yaw: -316.26053
  pitch: 4.6162148
