lastAccountName: vhendin
timestamps:
  login: 1519660090556
  logout: 1519660969936
ipAddress: 217.102.147.4
lastlocation:
  world: world
  x: 84.0
  y: 64.0
  z: 256.0
  yaw: 0.0
  pitch: 0.0
money: '20000.0'
logoutlocation:
  world: Quatopia
  x: -1308.9575421286781
  y: 4.0
  z: -157.02173363969686
  yaw: -10.296143
  pitch: 11.946603
