lastAccountName: xCr3zyx
timestamps:
  login: 1519742271063
  logout: 1519742629602
ipAddress: 213.127.105.0
lastlocation:
  world: world
  x: 84.0
  y: 64.0
  z: 256.0
  yaw: 0.0
  pitch: 0.0
money: '0.0'
logoutlocation:
  world: Quatopia
  x: -1166.0801730843143
  y: 4.0
  z: -434.3748699678284
  yaw: -96.624855
  pitch: 27.13937
