logoutlocation:
  world: Quatopia
  x: -1258.0593629996918
  y: 4.5
  z: -448.71714582883254
  yaw: -212.42542
  pitch: 17.100014
lastAccountName: LOLMIJN
timestamps:
  login: 1519835860439
  logout: 1519837461345
ipAddress: 81.245.89.35
lastlocation:
  world: Prison
  x: -873.4863035300565
  y: 52.5
  z: 1521.932261493706
  yaw: 330.34467
  pitch: 29.850016
money: '27325.0'
