lastAccountName: xImGonnqKillYou
timestamps:
  login: 1519745655638
  logout: 1519746726052
ipAddress: 145.130.169.134
lastlocation:
  world: Quatopia
  x: -1413.2280170005797
  y: 4.0
  z: -454.25236566447956
  yaw: -65.875275
  pitch: 63.749992
logoutlocation:
  world: Quatopia
  x: -1413.9561009418355
  y: 4.0
  z: -454.8746571806404
  yaw: -91.06299
  pitch: 53.250046
money: '20500.0'
