lastAccountName: Senna8090
timestamps:
  login: 1519640972003
  logout: 1519644279433
ipAddress: 80.115.182.236
lastlocation:
  world: Quatopia
  x: -1416.7639401999772
  y: 4.0
  z: -451.6389493012774
  yaw: -90.17508
  pitch: -1.6606388
money: '20000.0'
logoutlocation:
  world: Quatopia
  x: -1147.5985953262777
  y: 4.0
  z: -267.9386670972618
  yaw: 161.86852
  pitch: 32.76444
