lastAccountName: Wolfje_
timestamps:
  login: 1519748204911
  logout: 1519749022240
ipAddress: 94.213.92.143
lastlocation:
  world: world
  x: 84.0
  y: 64.0
  z: 256.0
  yaw: 0.0
  pitch: 0.0
money: '20000.0'
logoutlocation:
  world: Quatopia
  x: -1331.2769860750254
  y: 6.0
  z: -460.1236337178525
  yaw: -282.66235
  pitch: 30.299837
