lastAccountName: XRadiantlordX
timestamps:
  login: 1519746285167
  logout: 1519746342633
ipAddress: 80.57.253.182
lastlocation:
  world: Quatopia
  x: -1420.1868714377501
  y: 6.676470876144269
  z: -447.3629031407171
  yaw: -64.065
  pitch: 54.181522
money: '20000.0'
logoutlocation:
  world: Quatopia
  x: -1418.2269431703369
  y: 6.0
  z: -446.7135895906154
  yaw: 58.991802
  pitch: 38.220963
