lastAccountName: topazgalaxy123
timestamps:
  login: 1519670384332
  logout: 1519671026157
ipAddress: 178.117.77.65
lastlocation:
  world: world
  x: 84.0
  y: 64.0
  z: 256.0
  yaw: 0.0
  pitch: 0.0
money: '0.0'
logoutlocation:
  world: Quatopia
  x: -1372.2089714831927
  y: 4.0
  z: -455.5243755108418
  yaw: 20.676025
  pitch: 17.99996
