lastAccountName: XimeIsBae
timestamps:
  login: 1519746020565
  logout: 1519663676308
ipAddress: 94.212.188.80
lastlocation:
  world: world
  x: 84.0
  y: 64.0
  z: 256.0
  yaw: 0.0
  pitch: 0.0
money: '20000.0'
logoutlocation:
  world: Quatopia
  x: -1348.034511643249
  y: 4.0
  z: -454.80920173051436
  yaw: -278.69583
  pitch: 47.388096
