lastAccountName: 1ewajaa1
timestamps:
  login: 1519584477201
  logout: 1519585399653
ipAddress: 62.195.193.114
lastlocation:
  world: Quatopia
  x: -1022.5930066679814
  y: 4.0
  z: -347.75641916014195
  yaw: -153.60715
  pitch: 11.849981
money: '20000.0'
jailed: true
jail: HTC.1
logoutlocation:
  world: Quatopia
  x: -685.6737769136089
  y: 4.5625
  z: -801.6999999880791
  yaw: -88.507126
  pitch: 42.96162
