lastAccountName: lucaVH
timestamps:
  login: 1519711349224
  logout: 1519711854462
ipAddress: 178.117.19.52
lastlocation:
  world: world
  x: 84.0
  y: 64.0
  z: 256.0
  yaw: 0.0
  pitch: 0.0
money: '0.0'
logoutlocation:
  world: Quatopia
  x: -1331.699999988079
  y: 5.0
  z: -448.30000001192093
  yaw: -125.430664
  pitch: 13.833656
