lastAccountName: GewoonOkan_
timestamps:
  login: 1519563871810
  logout: 1519564000306
ipAddress: 145.133.165.143
lastlocation:
  world: Quatopia
  x: -1417.309856356544
  y: 5.252203340253724
  z: -450.26179279602025
  yaw: 19.1587
  pitch: 22.035084
money: '20500.0'
logoutlocation:
  world: Quatopia
  x: -1397.7984200006395
  y: 4.0
  z: -455.0743424125427
  yaw: -86.605705
  pitch: 11.379383
