lastAccountName: GijsgamerYT
timestamps:
  login: 1519835119022
  logout: 1519835145924
ipAddress: 84.81.76.7
lastlocation:
  world: Quatopia
  x: -1409.833936867076
  y: 5.0
  z: -446.69999998807907
  yaw: -178.88232
  pitch: 25.304987
money: '20000.0'
logoutlocation:
  world: Quatopia
  x: -1406.5954929873524
  y: 4.0
  z: -450.3961624444823
  yaw: 231.79237
  pitch: 18.418856
