lastAccountName: xXLeoytgamingXx
timestamps:
  login: 1517648530607
  logout: 1517648543024
ipAddress: 85.24.237.25
lastlocation:
  world: world
  x: 84.0
  y: 64.0
  z: 256.0
  yaw: 0.0
  pitch: 0.0
logoutlocation:
  world: Quatopia2
  x: 349.96143091285205
  y: 3.9375
  z: -666.5813471691273
  yaw: 164.946
  pitch: 12.210145
money: '20000.0'
